.5 -.24921475579500800000
.6 -.40339615737941620000
.7 -.48347169450459155000
.8 -.52516895407103250000
.9 -.54594605522122740000
1.0 -.55484756703089655000
1.1 -.55679620037679580000
1.2 -.55460626991270310000
1.3 -.54996771677150150000
1.4 -.54393759595434510000
1.5 -.53719327758981880000
1.6 -.53017275720683910000
1.7 -.52315891564189810000
1.8 -.51633267848898350000
1.9 -.50980742439193150000
2.0 -.50365114269911100000
2.1 -.49790127464621710000
2.2 -.49257416434415700000
2.3 -.48767152960111560000
2.4 -.48318481208657510000
2.5 -.47909851724805590000
