.5 -.22280988355664100000
.6 -.38020025513625840000
.7 -.46258825029039095000
.8 -.50601411636858790000
.9 -.52811787104292875000
1.0 -.53809260007308720000
1.1 -.54100745424154810000
1.2 -.53982391178194010000
1.3 -.53637507310981470000
1.4 -.53184438423923940000
1.5 -.52700043858170350000
1.6 -.52232005308948940000
1.7 -.51806849465130550000
1.8 -.51436560187571745000
1.9 -.51124011397924000000
2.0 -.50866799399913130000
2.1 -.50659637922907590000
2.2 -.50495854615183875000
2.3 -.50368394837733526000
2.4 -.50270500758251810000
2.5 -.50196121840810815000
