.5 -.21996388903841826000
.6 -.37740885462098923000
.7 -.46001476296836330000
.8 -.50377823407403090000
.9 -.52630336182370600000
1.0 -.53675335682772080000
1.1 -.54016010617387680000
1.2 -.53943516739407350000
1.3 -.53635451664582660000
1.4 -.53205081299109140000
1.5 -.52726674319165845000
1.6 -.52249311377699650000
1.7 -.51804874499037610000
1.8 -.51412793097586680000
1.9 -.51083038378192870000
2.0 -.50818171527589230000
2.1 -.50615018993300800000
2.2 -.50466395734105990000
2.3 -.50362744269680920000
2.4 -.50293660250315435000
2.5 -.50249112332968230000
