.5 -.21670252967333390000
.6 -.37307146399244820000
.7 -.45446789328711570000
.8 -.49684883590859545000
.9 -.51778576551449870000
1.0 -.52641206651691250000
1.1 -.52772821213161280000
1.2 -.52461073945067190000
1.3 -.51879775725535890000
1.4 -.51138421252229310000
1.5 -.50307963398300810000
1.6 -.49435172519264770000
1.7 -.48551234825557590000
1.8 -.47677124199885865000
1.9 -.46827003549632630000
2.0 -.46010382035709920000
2.1 -.45233488990615630000
2.2 -.44500164463443240000
2.3 -.43812459622080750000
2.4 -.43171066444952620000
2.5 -.42575645187740765000
